-4.635432170594190104e+00
-1.038512068000301625e+01
-7.132324653032000583e+00
4.034093268260646958e+00
6.110398594247347326e+00
-7.563138822500278025e+00
-2.977035603499883276e+00
-7.947847669727969411e+00
6.579550792450937990e+00
1.250343814496202910e+01
-5.905639051814659091e+00
-4.193134972444044983e+00
-4.266233392614582343e+00
4.991038563665266103e+00
6.944061471456486778e+00
-7.938470779283245626e+00
4.176190423301980204e+00
6.132972405422196793e+00
7.900028675812563961e+00
5.198136707123059530e+00
3.310944966530264821e+00
7.126558744183885352e+00
-3.401769403177923312e+00
-4.664679550087771354e+00
-1.003495920746106407e+01
3.700624536484736105e+00
4.742149008430888379e+00
-6.562039007806390600e+00
6.240616172490289770e+00
4.570537703099226690e+00
-5.297672855065148845e+00
2.707709904216293317e+00
-2.602082179736469048e+00
7.189797086129985360e+00
-3.501108911941637647e+00
4.503909604116538290e+00
-2.550120096260593883e+00
-5.103107832511172504e+00
-2.835025431141187102e+00
1.014689491979577518e+01
6.678705218800705445e+00
6.413314177017580775e+00
-6.138881274616623251e+00
-4.129898134258886522e+00
6.689391041730033294e+00
4.615773555589568033e+00
-5.369101842010929104e+00
-1.357242107851126356e+01
8.052186255094545331e+00
4.617024695138564283e+00
-4.315599011991628764e+00
5.689158629687281810e+00
6.705300763993873758e+00
6.919159367799556648e+00
2.585001108762844613e+00
-8.439878932121908761e+00
3.427084813956057907e+00
-9.187597963427199588e+00
8.175105645459360915e+00
-8.367364628084139611e+00
-7.428098141285338407e+00
8.391144315762067762e+00
-6.705114787189918601e+00
-3.978786738323336181e+00
6.082681895587213283e+00
-8.420782128774828124e+00
-4.476961056810156769e+00
7.294319707543219344e+00
-6.777345203006142071e+00
-5.063024226742683709e+00
-7.710442035598696009e+00
-4.270887203146771505e+00
-7.161986456840147675e+00
8.091007140329795178e+00
4.958928315193314340e+00
7.025187960571098067e+00
-7.073014920744081557e+00
-9.108589485409531505e+00
4.153949409866368292e+00
-4.545948052620682134e+00
6.226377693745280162e+00
5.466774560047813480e+00
1.184714563028257750e+01
-4.198572870723077166e+00
-4.272426273240739647e+00
6.640455729195207546e+00
9.197076990779592620e+00
3.417791279115064196e+00
-5.076731312694619191e+00
-1.024372016760760040e+01
4.827025231408985206e+00
-2.987554137294882839e+00
-4.132376940034578894e+00
3.197262915605247002e+00
5.483095159636814486e+00
-1.028864686149426433e+01
1.042368161928126824e+01
2.290341117072904886e+00
-2.516479830958596953e+00
6.845155841469227731e+00
-7.648828091576711508e+00
-4.295511680373467200e+00
5.881360904950356350e+00
5.577205050308083223e+00
-7.849631131790498095e+00
7.467810387661910632e+00
-7.145825072701877723e+00
5.886572868804290870e+00
-3.400112316581021865e+00
-4.882510887309075009e+00
5.239062230953420496e+00
4.464723526725566494e+00
-9.078781984707356756e+00
-6.159545906244297875e+00
8.228295918448685242e+00
3.356159573652785166e+00
5.861618909687683399e+00
-2.320774336272086291e+00
5.382406244587019550e+00
-4.716349312224613399e+00
-6.051081498474816023e+00
-3.561164296758915881e+00
6.423964813506529481e+00
4.580617602211879635e+00
9.211836038760360168e+00
6.347523110010000913e+00
8.455617604156648426e+00
-6.842996310120580183e+00
-4.940433200633863819e+00
-6.673845763250798591e+00
7.671223952733495111e+00
9.153059441186709222e+00
-5.763942743950176251e+00
7.179186070619539173e+00
-7.234269665210411482e+00
4.069654944378203965e+00
5.984885376956383674e+00
-6.188763710004975493e+00
3.613017101186080993e+00
5.837408888946137075e+00
2.468302678428297536e+00
8.529682468438020138e+00
-8.672716062726104624e+00
-2.966205480366475467e+00
5.333200386677007465e+00
-5.740684608158108659e+00
5.331752205889313423e+00
-3.990152898629480305e+00
-6.429629045628824535e+00
-4.357953544303762250e+00
7.328798710287114382e+00
-3.886237486049943346e+00
-4.393256830052108874e+00
1.009342537042057764e+01
-3.296127544878219684e+00
-8.922748436291261243e+00
3.859769659560380983e+00
-4.216369827599997677e+00
-7.919229236122378168e+00
-6.314827626347168987e+00
5.847679637452491086e+00
-1.321631065069998989e+01
1.182702831152786338e+01
8.896351599921136000e+00
-1.148313804774848101e+01
-4.499403431942170073e+00
7.163683037790790742e+00
6.589152619972671765e+00
7.339223054750020125e+00
6.997512699807453274e+00
3.600788529198829302e+00
4.572497535569890026e+00
-7.250853291619520746e+00
-6.082312129169780590e+00
-4.078942282201708736e+00
6.310148022506226972e+00
-3.865800552977949334e+00
-3.781744094276981549e+00
-6.945703637008427300e+00
7.045770216436014977e+00
3.839685913358121816e+00
7.574438235599081359e+00
6.966989327061413384e+00
-6.786414777621247119e+00
6.196678446332608559e+00
4.803303100390219349e+00
-5.460068712257308832e+00
-5.050265208743867973e+00
-8.513869320801425999e+00
6.648124571640302349e+00
4.860771691832943553e+00
-6.345226522443846662e+00
-4.580808007499649115e+00
-9.093209055459817947e+00
-3.151768153174158371e+00
-1.060579030814665735e+01
-5.240034031356642252e+00
-7.210909472034297885e+00
-6.598625181265107109e+00
3.982671047897277994e+00
3.601549377334344992e+00
7.062150555033758437e+00
5.862324848020501911e+00
-4.042977074517463798e+00
-9.351157164279589651e+00
-3.352288966165759554e+00
-5.849679608589848812e+00
7.960919626998444798e+00
1.056592699271143232e+01
1.252766608476138721e+01
4.463318407370493013e+00
-3.466646340597293818e+00
-4.973199524888885392e+00
-3.049581867336840002e+00
-6.491408054125550997e+00
7.017472676097817441e+00
7.448523753395667413e+00
1.058943821289676457e+01
-5.936563268114954717e+00
9.809015359189086070e+00
5.141272279075756124e+00
8.392710606314070176e+00
9.285485427178697293e+00
6.905589344711848376e+00
6.668602951408225010e+00
-6.605555870235608751e+00
5.675140062895319026e+00
-6.049672510583996576e+00
7.452050012011963709e+00
3.577580203149382410e+00
-5.059323236167665883e+00
3.923663550521210741e+00
5.969241583750868330e+00
-5.585573596070601887e+00
4.488465568731378141e+00
-7.972340048543289370e+00
-6.729253965806470283e+00
3.188157439620825873e+00
-6.312549120850773576e+00
-5.665390350624896598e+00
5.660927159696369060e+00
-6.622487104699064986e+00
3.626604668042411106e+00
4.624468415966863866e+00
6.280801741115330294e+00
7.014504831789736272e+00
-3.821735091744588697e+00
5.591198766539488219e+00
-9.522845549843154345e+00
-1.197443082551193605e+01
-7.719823062105256817e+00
5.350815580197571641e+00
-3.899264955400055577e+00
4.488704455981806341e+00
4.097250188577920227e+00
3.719734730411007551e+00
-8.018774413277078850e+00
3.659377130889030827e+00
-7.634054910606525191e+00
-5.136708034924136967e+00
-6.925134631266230301e+00
-9.733112048678520978e+00
8.310612328706891816e+00
3.464339955198387777e+00
-7.050711947558641945e+00
5.812451934994911085e+00
-5.315334967624715468e+00
7.381885320960028807e+00
6.147966940163046345e+00
-4.452631916147216984e+00
-5.079371990625260125e+00
6.634420899807865091e+00
-3.163627677427404361e+00
-6.673786848083950396e+00
5.044739418108054707e+00
-3.725386963659167883e+00
-7.544946342580494125e+00
-3.851934659312665321e+00
-6.641027147849511536e+00
-7.241161672849534270e+00
-7.505418639985538043e+00
2.501701420891048855e+00
-4.157141584390193323e+00
-5.100911066702188634e+00
5.449690444104459353e+00
5.285822805102408317e+00
-5.580603960158544652e+00
-5.838284172703263941e+00
6.442999045151140081e+00
-7.270694716908670863e+00
-9.300627310933350600e+00
-4.723389126063716859e+00
4.936383881506238858e+00
3.202225464831387036e+00
-8.268979285699586512e+00
-4.633813950549608762e+00
4.705640680262685116e+00
-4.275937268948674763e+00
5.359366858299091874e+00
6.352106531124551481e+00
-5.199550540073125227e+00
-5.332837758474084922e+00
-4.340966753177172954e+00
-4.815567500353363783e+00
7.001489101307783791e+00
1.063609012927333808e+01
-5.119133031620004992e+00
5.131163217928545350e+00
-3.638713050183328690e+00
5.325413268641572273e+00
-5.763936333615158780e+00
8.494031966253103860e+00
-6.472139807118518995e+00
7.769953902782624766e+00
-4.900102071040051577e+00
-6.397503887058817895e+00
-2.792659281251425707e+00
-5.212754907268368321e+00
-7.086900652321720173e+00
-3.599458716144513737e+00
-4.233363033907868278e+00
-9.734480603719763536e+00
-1.181404739841736706e+01
-4.951261734475902898e+00
-1.253801042370940877e+01
7.452308815204293779e+00
7.986208251979978634e+00
-3.430850355770472149e+00
7.638560922591295821e+00
-4.408974807899632253e+00
7.536979414525412757e+00
6.148645566606529833e+00
6.107315706604814487e+00
-7.757337441218433050e+00
9.832845232922561962e+00
6.554227205531086398e+00
7.470280731697631182e+00
-8.349175984150688734e+00
-5.074075031959186077e+00
4.916870719606071916e+00
-4.811670920192793410e+00
-6.268443954990108757e+00
1.108720947486368047e+01
-8.904714081043241691e+00
5.320512611155892913e+00
7.754367368562694374e+00
9.832565490951989062e+00
-5.881104675468391996e+00
4.243652802435561533e+00
7.837748048653022437e+00
-6.921208153108533878e+00
-6.085584436664027486e+00
-4.900388218370629545e+00
4.638974321507285836e+00
8.182313411174012785e+00
-7.480746148285327912e+00
1.119487322029784693e+01
1.123688500272167445e+01
5.345001489133708539e+00
-7.589664365503805854e+00
-3.002107102805787520e+00
-3.123110355782580339e+00
-5.556467415147159805e+00
7.183838200427351772e+00
-7.301656273071786885e+00
4.809751579327895321e+00
5.122931680308801639e+00
-6.723970691552173307e+00
-6.828048492508848710e+00
7.414291939797958975e+00
-3.458556999030195644e+00
3.686249051031222468e+00
7.397833866748338316e+00
-6.699457434755643703e+00
-4.173396793041856512e+00
3.499890958468173441e+00
-5.696353442280924995e+00
-3.007284007360968570e+00
6.016337170536114165e+00
-4.441437770761827331e+00
5.471667633113792562e+00
-3.733105222627571163e+00
9.815601612487641958e+00
5.222384920464526736e+00
3.358201851081459743e+00
-7.093279428657444541e+00
-8.659981044275690820e+00
6.924831776516917614e+00
-5.740352468609799530e+00
-5.119759430622197627e+00
5.130884585975228340e+00
-5.408059386588532469e+00
4.833890496269186876e+00
5.788364435253395612e+00
3.991008535022590564e+00
-2.980672535298843240e+00
-4.485162614105319356e+00
-5.690537496767313463e+00
-6.885294152676827650e+00
3.484979597925720540e+00
5.964301831426278788e+00
5.647149056328118810e+00
5.733947187615405561e+00
6.340583574067871986e+00
8.178548803781387377e+00
5.065663842798789673e+00
7.607170603406840925e+00
-4.057090895475733205e+00
-7.393012218272808411e+00
7.105833972829223022e+00
6.083395284706297090e+00
-3.393208843891485138e+00
-3.401187212528363979e+00
-5.193867468306056168e+00
-5.756171849677831354e+00
6.417625475730338813e+00
-3.688223824264283746e+00
-7.458634910700515874e+00
3.951670810207369211e+00
6.756676899658667246e+00
3.110772458981535316e+00
-5.274364110225639557e+00
-5.798029843019570251e+00
1.164573965830889790e+01
7.509584114778529162e+00
-3.804244719632113636e+00
3.956681767694484098e+00
-4.349705974187004109e+00
7.865619263969941599e+00
7.767688942950748299e+00
-8.492071504997102949e+00
6.996124528372478224e+00
4.458539206933209265e+00
5.399558963188208160e+00
-5.733122837232139446e+00
8.805350426957144094e+00
3.430376179351050325e+00
-3.263394905546355140e+00
6.277115547389501948e+00
-5.534940431699096663e+00
2.349408938527283386e+00
-5.321027913076440186e+00
-3.733069451553401308e+00
-5.909490002662735719e+00
8.625488252181030546e+00
-8.511343136740174842e+00
1.340657765126260159e+01
-3.952582906907133875e+00
7.285348340541536238e+00
-7.859443041577288014e+00
5.432177710151885996e+00
6.840756448479962337e+00
-6.644086364226068575e+00
8.743276616028877513e+00
5.416334458472777946e+00
7.744303065401792807e+00
-4.303025425926393588e+00
5.050583335870467039e+00
4.830815888006748438e+00
3.531656414171693292e+00
-4.210352241947731500e+00
-6.615993484726551799e+00
-5.643918091907614176e+00
6.544940808477160310e+00
7.578845478515511935e+00
-6.058847684860516836e+00
-3.108215812379879761e+00
3.262092200907579898e+00
-5.884006071658234305e+00
-3.059287130383377296e+00
4.602936414416904931e+00
7.377680673567517111e+00
3.637943269181036943e+00
5.754486648149949701e+00
-6.571611903604463123e+00
1.180885102346665327e+01
3.598733278332960861e+00
6.857446470511520786e+00
-7.974524979370982258e+00
-5.303670760450267530e+00
7.624568144937180492e+00
-7.090844923289894908e+00
7.115523188064780236e+00
-4.686581289271837036e+00
4.071642024610087063e+00
-6.238538339371813457e+00
-4.226195519172475379e+00
-6.893535005488895528e+00
-6.890960455737022095e+00
-6.229555460861161187e+00
-7.010317017048959265e+00
5.295586073975862895e+00
-4.862932096479132049e+00
3.855421959541862176e+00
2.698400442947275657e+00
-8.330318802626916153e+00
5.769393235345061655e+00
7.829094024363211446e+00
-4.990152531807277470e+00
-7.246674977826238262e+00
4.293537885302458612e+00
8.651747587981606813e+00
3.519349892017735737e+00
-9.080913476394673722e+00
-5.653084563490846648e+00
-7.375288881800099006e+00
5.126923429845753333e+00
-3.971831531030169948e+00
-8.502012053398596336e+00
-8.143616962419812921e+00
4.745683103040718720e+00
-4.923207211600619360e+00
-7.835209737625919324e+00
-6.321620261611145430e+00
-6.410583962108843181e+00
-7.349782181299887363e+00
2.825638440490894965e+00
3.583770537291091962e+00
7.927492264511777798e+00
5.938690131856842136e+00
5.359247221589519938e+00
-6.384532927067114727e+00
5.690742246230995782e+00
7.435725175016474786e+00
5.722724775038373402e+00
-5.006867574434221702e+00
-3.690478436068802548e+00
5.701663511712790289e+00
3.086403564110009157e+00
6.161917071385917488e+00
-8.134457087164335576e+00
-2.949726704598801597e+00
-5.077945019839801510e+00
-4.531959009702738683e+00
9.264407646117215123e+00
8.628757232876466787e+00
-3.520431742263431030e+00
4.167347138819939900e+00
3.588931368421496071e+00
-3.949660801385626474e+00
4.404896908162734270e+00
9.846784044666620161e+00
6.449765783030650290e+00
6.163141739699655730e+00
-5.057735125534169818e+00
-9.631337447880776281e+00
-6.648548420365488099e+00
6.916234159130562276e+00
-1.005106299409715298e+01
-4.570821464341890739e+00
-7.713363622899884753e+00
5.035637947320571683e+00
-8.169460021954780160e+00
-8.518362142101475243e+00
-5.204406420018204749e+00
-7.416821145283618577e+00
2.672773961620305450e+00
4.514436046882379650e+00
7.398835692180797174e+00
7.246494931891176883e+00
-8.979743695489849742e+00
-8.843191286414620933e+00
-4.063751841756110927e+00
3.717721301917748189e+00
2.740978285758386424e+00
4.335502083779864790e+00
3.716508585520094776e+00
-5.417895263845497134e+00
-1.015888593438580401e+01
5.000639121213255933e+00
6.256868337797563129e+00
5.504846318744315070e+00
5.425921029379992433e+00
-6.835446164140999592e+00
3.617189457936162533e+00
4.227952679826906035e+00
-4.901798096986524911e+00
7.917817694503421322e+00
-6.792787951349395392e+00
-6.192863411512209204e+00
-1.015858177017363495e+01
3.720929087278340930e+00
-9.287084655177807235e+00
-1.068890222426987080e+01
-1.036466406346316838e+01
5.978389494688308936e+00
-3.993776388537689570e+00
-6.202236727043548115e+00
-1.012179801456979611e+01
-4.357324554100444836e+00
9.041534929879768256e+00
4.925050248154096089e+00
4.238729227217247875e+00
-3.195195996585839193e+00
-4.349963937812523440e+00
6.289789814482955599e+00
-6.883713765136961094e+00
-6.790403553423461247e+00
-6.092488985641161037e+00
1.031006498696894269e+01
-5.155980774333691841e+00
4.716033586148561163e+00
7.040006285071636505e+00
3.941820289470030492e+00
6.713053429730348576e+00
-5.989616853838946042e+00
-7.156456412743977147e+00
-2.610462666409331334e+00
-6.794213844030698723e+00
-4.979981352250657523e+00
7.487341897683946534e+00
5.491956314091217983e+00
9.242586463571791811e+00
8.408400504707095990e+00
5.385535099427383621e+00
5.474779191235317199e+00
-5.278312180581040458e+00
-5.823193254351809678e+00
9.332592923984371680e+00
-7.706648013430501543e+00
5.214631989584045613e+00
3.481125116378986473e+00
-8.928081439371084116e+00
-6.283355223062905281e+00
-4.795324714397719568e+00
9.287500120677812276e+00
-4.265635281645741017e+00
-5.924998071807427991e+00
6.043132085957135580e+00
7.323991118908279141e+00
6.761885200661070350e+00
4.478961786585008653e+00
5.625935681344044426e+00
4.791008308890627454e+00
5.424060923494184117e+00
-5.177489955450464976e+00
-2.336721669061011752e+00
-8.761832229177608511e+00
5.680813200257794016e+00
5.804076958023253852e+00
-8.393194464396040999e+00
1.147628498389348195e+01
-5.886619080534729598e+00
6.260797032306505194e+00
-3.064498190327520799e+00
-2.553396557361603314e+00
5.357420330337220093e+00
-1.092377136713907326e+01
-6.710175762184777959e+00
-1.148941032820254193e+01
-1.063030912911916559e+01
-7.870910705588658018e+00
-5.373380354419395211e+00
4.770286713742354578e+00
-1.077378406133960276e+01
6.864820860977872918e+00
5.053401911390788648e+00
-4.302283076124406413e+00
-1.226058400760465084e+01
4.752013048628628944e+00
3.693888227158560689e+00
-7.840221920369529585e+00
6.098325898545265744e+00
-4.578910469714412734e+00
-7.311094681344907364e+00
5.205297090387165149e+00
7.162981414483171605e+00
-4.364221251096608079e+00
-4.169096144433282802e+00
-1.129705640719381066e+01
3.172634928680472921e+00
-7.193683482186226108e+00
2.994586764855646788e+00
3.372080650823023440e+00
6.657757104026488015e+00
6.402766686226192050e+00
-6.110774438683271192e+00
-8.709287584431754325e+00
6.174562205588631336e+00
3.582536092821644758e+00
-1.234188937955219245e+01
7.812187295139068510e+00
4.294071850160102954e+00
-3.295977360776900955e+00
-1.366833720350908798e+01
5.968392649626123259e+00
-3.344544296293159746e+00
-3.834284638706807691e+00
-3.971753982534835803e+00
-4.864641723360687564e+00
5.472392766395203445e+00
-5.555110671789590171e+00
-5.771273980149449478e+00
-7.261784716156819641e+00
-1.034097131373924228e+01
-5.938819467205274982e+00
9.546872195883034706e+00
-7.962219009867422592e+00
-4.905242272795265812e+00
5.505501477922326359e+00
-3.714557438136528500e+00
1.140884302460633037e+01
-5.964091968558943968e+00
-6.136671542905530075e+00
1.043800607311321116e+01
-5.251312834083181613e+00
7.905367960620270473e+00
5.552256862332584753e+00
7.208088870133790849e+00
-2.479088680656266863e+00
7.540571298426703706e+00
-4.607661540019328150e+00
-6.289266653304509624e+00
-8.378010545078726778e+00
6.451898531376475177e+00
-7.116289167545374106e+00
-5.019732682236957899e+00
-8.148586547442738137e+00
1.400156270809891623e+01
4.263057923453756892e+00
-6.441105748937780540e+00
-3.631461981255092564e+00
-5.127794579498765160e+00
-8.431892805394648249e+00
3.953686509581631814e+00
-6.461939022411142375e+00
1.112565941584034768e+01
2.819765506077315909e+00
-2.151561348292960751e+00
5.335976988381552211e+00
-7.298110272497683404e+00
-5.517002874283043035e+00
-7.785679253325912264e+00
5.786258427276627536e+00
1.247347585083030808e+01
1.014278788565345479e+01
5.777353945683874059e+00
4.558725427383831352e+00
-2.202115113622119758e+00
2.917300199759904178e+00
-3.264256298704443449e+00
4.345758036159600657e+00
-4.235263342412916465e+00
5.182158175095007202e+00
-2.381211289706015588e+00
-6.153237161687764356e+00
5.965264658671011411e+00
-3.699089428360099241e+00
8.115911317219639542e+00
5.859990596606538205e+00
6.618082020482319194e+00
-3.269231897369187845e+00
6.191832492548548394e+00
4.429371304306420676e+00
-7.285005478921269706e+00
2.925758255709922651e+00
7.284015351974860941e+00
-3.413113951115233302e+00
7.995745602095095883e+00
-5.075321283477824075e+00
-7.090814437474159071e+00
6.971194732607275846e+00
-2.073284032973398361e+00
-4.888191428098298985e+00
-6.180597093367439676e+00
-6.820295238976310515e+00
-7.477802972624782996e+00
-4.644770130660194063e+00
7.461519235010116269e+00
-6.760471706118834412e+00
-4.231563103429738071e+00
-4.422600352978123261e+00
4.552861102261280379e+00
-1.125092187741498684e+01
-4.631052663140105885e+00
-4.844988297229538610e+00
-5.081675352964418302e+00
8.171798523504133271e+00
6.167458439071005216e+00
-4.670611534785786390e+00
6.698751169139163686e+00
5.708674199358196866e+00
3.790160172157853946e+00
4.775908753224737957e+00
5.358782371512249121e+00
7.942552066847056835e+00
-7.695094648819753580e+00
-5.937031465959462295e+00
6.789743989266353807e+00
2.638629617658644122e+00
-3.649449221845200153e+00
5.711233129720369561e+00
8.175614606438754706e+00
4.205694580267548943e+00
7.295380993923186175e+00
6.252109268496513828e+00
-8.391418369919572129e+00
5.425559944312070115e+00
-7.966103827724430708e+00
-4.440439676235260258e+00
3.994754432687859680e+00
5.241342889112904579e+00
-5.388336146508453162e+00
-4.522978838047299277e+00
-6.005875439062450027e+00
5.785849977503871422e+00
5.348473184774792166e+00
-3.378339650922889348e+00
6.526105461354513082e+00
-9.210649554998253663e+00
6.346492109643914858e+00
1.002414207151351988e+01
-3.159847634298845964e+00
2.536817041333264466e+00
-8.923962649865721630e+00
9.393006576130483509e+00
-5.308052988486869239e+00
4.903508453676556300e+00
5.714003843601281218e+00
7.676831339158605161e+00
-6.353261359717726542e+00
-4.377361382978642190e+00
-6.380778131185270041e+00
5.316877254313150836e+00
-3.178524506527376392e+00
-5.290077755260222503e+00
2.583861238709236119e+00
8.596412741124959567e+00
3.005711700342928339e+00
7.114441050122610299e+00
-3.707736589947571826e+00
-6.263935921929219219e+00
2.773123097172607299e+00
4.201388511643370016e+00
3.247062767366273306e+00
-5.275775729993848806e+00
-5.762799088438216089e+00
-5.070861994891592062e+00
5.093525692978081665e+00
-4.946356162289896830e+00
5.599006083847107185e+00
1.085545117284507555e+01
-1.079459159930743262e+01
3.830625613642642868e+00
1.056989945298124667e+01
3.006209834779481671e+00
-5.011517404979429102e+00
6.185240232740064847e+00
6.308715710527382114e+00
7.766901226736771413e+00
6.705088092834025737e+00
9.120574207386509258e+00
-8.307133628107346013e+00
-7.612958563529837797e+00
4.361445312955399167e+00
-4.167080080834395517e+00
9.613419261163036467e+00
6.718706943528824027e+00
9.187426793275948356e+00
-5.321113370689066535e+00
-3.772919881926046326e+00
-4.583527490887211897e+00
-5.877690593940837260e+00
5.754270043016679992e+00
5.273170858642420633e+00
4.616772939870927850e+00
-1.306160518162369932e+01
4.895639541694849939e+00
-6.459965059965169232e+00
-5.851940364107424131e+00
8.422065052981610123e+00
2.997671106610155345e+00
3.316748303895814765e+00
-1.246104770719228050e+01
5.749020002584920519e+00
-4.024577922160951893e+00
5.991650477995182911e+00
-3.497087811876549601e+00
-4.627970361483200179e+00
-6.932219663087967554e+00
6.807006227935799458e+00
-3.182540674362231314e+00
7.262499866056415065e+00
8.184199743918057379e+00
8.323153319351336066e+00
1.197594562518604455e+01
-5.162878035668435395e+00
4.412196679551899869e+00
5.013620558178442543e+00
-7.563461886702939729e+00
5.113092617601021850e+00
-8.516859692298439199e+00
7.403442777463518532e+00
5.477229450021830814e+00
-3.341910658211764140e+00
1.065846491704861876e+01
7.915265280372693724e+00
4.701069279324118888e+00
1.002492116899377095e+01
-1.067479393218843065e+01
-4.324442467003436263e+00
4.958436767930730404e+00
4.046822870469621414e+00
3.943163670814548993e+00
4.068255694337819861e+00
-4.966679548213423168e+00
3.147882124323079456e+00
-5.701886131504852351e+00
2.506116461589208200e+00
-7.413263975664825978e+00
-4.159353571851117870e+00
-4.834041619775404364e+00
-6.817392858229653463e+00
4.984928280728307293e+00
6.445183543063551568e+00
-8.468440819707193867e+00
-7.096878356632078777e+00
9.817020618552975364e+00
-9.722839793177328716e+00
4.505978661842538813e+00
3.894160587452336397e+00
7.013806967892123545e+00
6.829084128432247880e+00
4.051641853997397291e+00
-6.375914759794129694e+00
9.093134383001103771e+00
4.400218336976483791e+00
4.335859876852625305e+00
-3.469575723209842533e+00
5.415759322938791698e+00
-3.628209200786941757e+00
5.513685293658737052e+00
-5.499450123600136742e+00
5.750237212687068222e+00
-5.154059136727723534e+00
-7.192914760274960351e+00
8.213980011877193732e+00
-7.324785169749367775e+00
8.940070926651934258e+00
1.060069378140376095e+01
-7.162968634876766494e+00
-8.535326884153027649e+00
9.487227467730839692e+00
3.016319364812791726e+00
-7.082591596609445261e+00
-6.244645171764162228e+00
3.528033891979834635e+00
-7.008811370448534639e+00
6.515893870549446909e+00
1.216838164087386787e+01
-8.421202263967581203e+00
8.555919315312189966e+00
-8.391178014885841918e+00
4.239589350940001111e+00
-4.117984287054627934e+00
5.095581410000918687e+00
-5.319640917834766114e+00
-6.354317956931735623e+00
-5.813760212242310210e+00
-8.028200721931380457e+00
5.106607225374939496e+00
-7.852721450596226838e+00
-3.173884036381438456e+00
-8.279024835498420387e+00
-8.371281591457648830e+00
5.218987310258548895e+00
8.807006501213495042e+00
-7.079323283586457904e+00
7.976204465771712826e+00
1.105446773260471005e+01
-4.148392449980470076e+00
4.893968163176382724e+00
6.173105985626061276e+00
-8.536623225633414691e+00
-2.811715616879438606e+00
5.466626171558617742e+00
-6.042963251293817173e+00
-1.054430831702653215e+01
-6.641234379443656799e+00
-3.844229869653441156e+00
-5.749560902645180605e+00
4.307384360478518914e+00
-3.140431168026828868e+00
4.466312186399610695e+00
-7.439650051705346989e+00
5.628332112889300021e+00
-5.258191873957686724e+00
-1.378418166213015539e+01
-6.947507094948663919e+00
-4.875832419096664871e+00
-4.851048612513324088e+00
7.597280784728279279e+00
-2.542562138931020232e+00
7.172488790247335544e+00
5.484747585677015813e+00
-1.229792684520032786e+01
-2.822902803680568340e+00
5.707134181331265488e+00
5.199403901613184331e+00
-9.269348505862925691e+00
