phot_num,scat_num,escape_w
70,-3.4778449404451144
10,466,-3.8123191609247344
1,677,0.8094863026081623
2,248,-2.931013001268797
0,1018,-3.4419657037391804
3,119,1.7182770077656373
9,1049,-7.244525535534688
11,1274,-5.668720394124574
2,1107,3.4515622702798585
5,964,-2.6716490683374947
4,331,-1.7341418741232966
10,397,4.548196214248364
3,163,-1.8686551061255607
6,366,-3.3802537876767356
11,279,2.5403713683723
8,1761,-3.785091442561281
7,427,-2.6711790889719067
5,823,2.13657102546883
6,213,3.8364613575643123
4,813,2.695264248882556
7,196,3.441683460692791
8,29,-2.519089130866626
12,1466,1.7768798334185845
13,21,0.585846120894059
14,5,-1.1750067502578505
5,294,3.202401230114305
8,757,-3.5538093016559373
6,97,-3.8791576370915752
15,311,-3.0162563795186927
16,1,0.7790939974370674
17,3,-0.8860167590827202
18,19,-1.0097739316108705
19,1,-0.35904191002018193
20,2,-0.45799154429978256
21,17,0.34276518421243385
22,35,-0.8640194781774084
23,52,2.0054993356471003
24,3,1.539436803967427
25,8,-1.6171686221306727
26,3,-1.7089030627658526
12,1514,-3.498209096789354
27,18,-1.6852899480850918
13,137,7.092812478568151
9,1772,-5.384730374566738
10,164,-3.713154012293624
14,509,-2.0598636885581105
15,243,-1.557859588422923
3,4199,-2.8422061216324592
7,1107,-3.1875384238701674
16,109,1.7235281245211664
17,29,-1.4474311676227116
8,102,-3.507414095866495
28,1062,4.521404310775171
7,4640,2.7603200977185094
8,19,2.1913218121883746
9,34,2.562887940027728
10,51,-1.3986962487190302
11,3,2.281284325249445
12,17,-1.1529282050275869
13,1,1.13291356201779
14,5,-0.5283643736982394
15,1,-1.3660363003168352
16,3,-1.302250266685355
17,1,-0.8647247248368044
18,5,0.29391529555656487
19,3,0.3258933279063072
20,29,-0.13290886318126982
21,1,0.7566706046099192
22,2,-0.34932124365654066
23,4,1.4371794361018557
9,2044,-5.0339996655569355
24,195,-1.611751819878918
25,99,-2.3689730709745818
11,1504,2.4404189873830453
18,1074,3.1198316431035606
4,1166,5.676651999309985
19,12,2.140106884873075
9,2766,3.4604126473028947
10,517,4.489330616813832
5,931,3.103558329855235
26,933,3.118666207287576
29,1651,3.8347045422603787
20,1212,4.248627860546987
30,497,-7.182752817431268
21,494,1.6652851189813307
6,809,-4.555723293723225
22,179,1.7715365337688285
7,6230,-6.284642966921989
12,2429,-5.726815946952609
27,1939,-4.44408829762116
9,3691,-2.6421117989864134
11,7990,-2.5538524294221863
10,416,2.6739686673653558
5,8507,-3.6648633852674815
6,3,2.6079996097643887
1,8727,5.453809627479358
11,795,3.0221525621190706
11,4473,-3.9966081279815473
8,2156,-5.037545036688359
12,106,2.490010414121232
7,3227,4.19112338242824
31,2866,3.8852643215072984
13,318,2.520518165995948
14,48,-2.1525597899265394
12,392,-4.202587517058066
32,104,-2.955499589993808
12,1811,4.1636142404519445
23,3266,-1.9092187320747789
24,130,-1.1393834103689793
33,430,2.9290921082449572
25,5,1.3048993333903116
26,12,-0.6477219751152948
27,4,-0.9741756321157137
28,1,0.042110889501412445
29,26,2.390018592046817
30,33,2.029849260109018
31,22,-2.38307167343449
32,118,-3.4596729371008625
13,854,3.940699051823135
34,353,2.9849369080470174
15,1095,3.220434425752354
9,1582,-2.25454357523859
33,397,1.3244783416046981
10,65,2.242037601114877
11,768,2.450176654490011
8,2192,-2.427210992812815
16,1032,-1.7480445324035392
17,221,-1.9712189249189032
12,443,-3.1208802972219307
18,269,-2.244437070904132
2,3849,3.1791322472529173
28,5098,4.586468887913033
35,2102,3.5698779538141463
10,8479,-4.348584854746249
34,1947,-5.662899596140256
7,5127,4.744169541474847
36,813,-3.3163042667543308
11,972,-4.376410464863392
35,833,2.565239464859369
12,100,-3.7370981523210682
19,2501,4.274407686175938
13,7088,-3.749682795266328
20,458,-3.1548742672029286
29,2199,3.34655737492042
36,1225,2.9130721638710257
21,356,-2.61056199663588
37,1455,-2.3467372516228995
38,135,2.6888618640794175
8,2368,-4.00081919908866
14,5427,-2.965299447887493
37,640,-4.233796155640691
39,361,3.9830810634316554
9,4386,-6.879074780370999
9,480,6.180188881006991
14,1350,-2.6842889316841565
30,1352,-1.8705713084579587
40,599,-3.7695066480205615
22,1596,1.815625889258922
13,3133,-3.1117960993180014
14,84,-4.429946727640175
10,1157,-3.121983711577303
13,7073,-2.683177273827095
23,447,-3.0352046709142813
14,189,-2.2290100323770563
11,296,-3.267002264509002
24,286,1.3589731786769292
25,57,-2.2183125660570693
26,1,0.14707142536932688
27,0,0
38,2014,-3.020416500115188
28,248,-2.1060202444565843
15,1552,-2.5317722100238162
13,6289,-4.003237315233861
16,93,-3.61620535794613
15,2220,-5.782674694822688
31,1821,-2.867249283839133
17,305,2.423265747073576
14,365,3.5645013006611133
29,882,2.5184233904943722
32,259,-2.454904457257289
15,1591,3.4183774364822592
18,364,3.1930355071891436
15,2413,3.839774041342423
33,818,-2.025066352686132
41,2682,3.395468543162829
19,721,4.950681180546199
10,3916,3.1012494937876607
16,525,-4.013852406043172
34,570,-2.7059492058121704
35,95,2.7763869733742457
11,372,-3.4479874024451
16,1861,-3.2112428067261587
16,1602,2.155578139072444
17,663,-2.531159965377452
15,1770,-2.4866600871084326
12,400,0.8454796385551386
30,2070,6.948233936950624
36,620,0.43863740738991336
37,104,2.1583702673885887
17,457,2.532445050312331
31,217,3.8279621558045998
38,215,1.5080572817660733
18,589,-2.192075626139518
19,17,-2.246276172838169
13,616,2.597615294803213
39,221,-1.522492406950201
40,56,-1.4325676251120294
18,466,-2.3571465581510584
19,77,1.5484367090802817
39,3919,4.235398162106802
20,13,0.8994221940252114
21,5,-1.5425371010156443
22,6,-1.4216537996966827
23,2,-0.09976355735878001
24,14,1.432177829731463
25,4,-1.6084422078913247
26,4,-1.0102471814782166
27,50,-2.9522942351890653
41,263,1.7993223851814828
3,9234,2.7934763760619448
20,460,-2.146332410744312
42,54,-2.8139670112141957
12,4279,-3.206590897937514
21,62,2.522301797889161
43,108,2.8639482382986454
22,58,0.5896918171170021
23,0,0
44,7,-1.562565432280808
24,2,0.36954299336751245
45,26,-1.8971111816227937
25,42,-1.6197751637651565
26,1,-1.0363381318439344
27,14,-0.6433937141377509
28,2,-0.8711029415665378
29,26,2.393111649860105
32,879,-4.037407216946407
46,173,-2.06990504954275
47,240,0.05497752264692744
28,677,0.9951293995797441
29,2,0.6822317884565882
30,12,-1.8675557487943453
31,48,0.020394567169172994
4,699,2.64748778033881
32,161,-2.3663164111837034
30,558,-3.619137788054927
33,95,1.6931383377902491
34,1,0.21208717028029278
35,3,-1.5611904902913347
5,176,-2.910724791030571
48,492,-4.208179569084935
31,181,-3.1654115119923154
14,1530,0.4123608331296185
15,6,-0.25413865033755617
16,9,-0.5859769713587796
40,1337,-3.9316857352886023
49,170,-2.985022912215846
36,395,-1.6292221005278373
6,312,-4.642121900487866
17,340,-1.0298269933523565
20,2930,-3.8764587264406796
37,159,1.6622765956182024
18,48,-0.7113861390851158
19,6,-1.7259035396280007
20,9,-0.8584639995733988
21,0,0
38,62,-1.5870289639000192
39,27,-1.79576037428324
40,16,-1.0224781093900133
41,1,-1.3574055759833394
42,6,-0.5434033739643859
43,1,-0.8523310300916103
44,33,0.16229987536527707
45,2,-0.032568951836006096
46,3,-1.7326604714242033
47,2,0.2192230819397282
48,20,0.48615432224680943
49,3,0.24824306517260722
50,1,-0.1888450076108709
51,1,-0.1625805067611016
52,1,-0.35755880628363207
53,3,-0.18636160142151995
54,7,-1.8472272094590818
22,202,-4.084973940412611
41,784,-6.8537458774405176
55,452,3.803358183576083
32,1012,1.9461551172404459
33,16,1.4991518242843338
34,11,-0.10959020192201348
35,12,2.231175040453257
56,225,3.8733113053810477
36,5,-1.1152512550429825
37,31,0.8724155710718489
38,26,-0.6974431828673917
39,13,0.1493918339749752
50,1785,7.226961565427637
16,4110,-4.621247547185809
42,1543,-3.637840701894601
7,1881,-3.734213326142844
40,1096,-2.244462116445674
17,692,3.382923514702033
43,779,-5.7080964698763035
17,5430,2.656427111994466
42,7006,3.73796368172013
18,974,-1.726838516368721
19,47,1.2083971560465487
44,1172,-4.095474582476081
33,5286,4.456662606799148
23,3919,3.5211665509841876
20,268,-4.53988892848386
24,353,2.4758985877252817
25,10,-3.001123921053951
26,96,2.344936322294253
43,1259,5.23792480225105
27,361,2.5326336189821754
28,8,2.2070558517396326
29,135,1.1438549403874607
30,11,0.49018597783410095
31,5,0.331899419141729
57,4321,-4.579353103795191
18,2963,-2.2776615736239822
32,144,0.7951155490449522
45,1363,-4.408466829602195
33,3,-1.0023206445719979
34,6,0.12480275626546447
35,0,0
36,0,0
37,0,0
38,0,0
39,3,-1.4851645100882913
19,73,-4.984257288951037
40,2,-0.7620464400749056
41,1,2.305713458837597
42,1,0.2045637187773251
43,2,1.5779104136360516
44,87,-0.1384127224353115
45,5,0.7740203845591779
46,1,0.03698986631878656
47,123,-0.12283665713474316
48,7,-0.2755714096090651
49,2,-0.5479669462743235
20,247,3.083036557882133
50,9,-1.2856706510748281
51,69,2.191282985763175
41,2863,2.2573863958895406
52,61,2.162893387695506
42,35,-1.5854251533413852
46,466,1.3746285599901822
47,13,-0.7246043345148787
48,6,0.2853907680444859
49,18,1.5463359047933076
50,1,-1.70858276804317
51,4,0.4792673518480938
52,4,0.7158441168824936
21,417,2.211998974603187
53,691,3.3347522479001666
34,2511,-5.84829945224577
44,1921,3.9340380338390366
45,86,5.567576488380558
43,1150,2.438604596138729
44,73,-1.9432015669500426
45,251,2.174205378364944
21,2798,-2.397555829806738
53,1687,-3.2504456260031915
21,6658,-6.064503425848435
46,552,3.167599021178301
46,289,-2.9174983654292928
47,272,3.1073899769593663
22,450,-2.083763568632762
8,5265,-5.1864541137329105
23,408,2.496504288682101
51,6616,2.799043630110631
24,321,-3.9725500183573863
54,2418,3.107230888030101
9,836,-2.4547630660090323
55,415,2.1463828639207674
48,1766,2.5798733743112967
22,3642,-4.721855474877255
35,3052,3.3230869428574206
36,402,5.141812008466682
37,13,-0.5230699764604101
38,1,-0.30930239984863334
39,4,0.04962552617283233
40,0,0
41,0,0
42,2,-0.1123211362970836
43,0,0
44,1,0.11415474154205554
45,3,-0.5389367666304677
49,610,2.6138070289037367
46,55,-1.8276754555676844
47,7,0.8044179129239991
48,6,0.9089936915084018
23,765,2.876426963186112
47,2369,1.8743587453209443
52,1920,-2.703177153583507
25,1555,3.6583318318271947
49,370,-2.1073090410767157
24,277,4.202918248351173
50,312,1.923547694925936
26,370,5.241129502562253
48,568,3.0375085016795977
49,84,4.721716797514594
53,556,2.3020468367775027
22,3254,-3.407938256768999
50,1106,3.1606418836134074
58,5964,-3.264161154160051
27,497,2.780077129093402
23,169,1.6234006540161363
50,385,-2.219527860403864
25,830,3.430762627295348
51,595,-4.2576462120383285
10,2676,4.233116953907375
26,29,2.285237459065018
54,331,4.409582494987769
51,111,2.738962795185151
52,70,-1.9873496336794703
59,284,-3.498298116575856
51,421,-4.171654259145767
27,249,-4.912370546572114
52,122,3.4857434131999447
52,391,2.5414119418030054
28,138,-3.921274349455664
53,381,-0.4344748054112201
54,10,0.5003756859545293
55,2,1.1747401528331023
56,1,0.38008415626527536
53,240,1.036312215619645
54,19,-1.2297288721771464
55,47,0.324786897310371
56,44,0.03970083176135483
57,0,0
58,26,2.6358771262925837
59,29,-0.8781271345663134
60,1,-0.7403767469169099
57,289,1.2194991834915228
61,37,1.5068654124938747
58,18,-1.1096052419810944
59,18,0.8343499388021695
60,3,-0.3299193641478614
61,8,-2.0663020665729612
62,12,0.4952113105439443
63,19,1.1259910877511063
64,9,-1.2450284168832078
65,17,0.15930320046518762
66,6,-1.3321636189942743
67,7,-0.3252893238333679
68,1,0.44783368719737193
69,10,-2.0141398941127493
62,188,-1.6365830446161715
63,26,-0.9871261301112644
64,17,-0.9606158110147248
65,1,-0.007709941659946928
66,1,1.2940667148273233
67,1,-0.7075857070115523
68,1,0.026637422066598748
69,1,-1.5392072819033515
60,838,-2.4387865857543365
70,199,3.288978330156956
70,162,2.369659528109962
71,14,-1.0169216674465023
72,5,-1.530586202627858
24,1457,-3.050819598941927
11,1690,-3.423358229757115
73,361,2.2490893727648484
74,240,2.1292752668344357
13,13305,4.2687762961343525
71,1136,2.8236459520429547
12,707,-4.107313745458141
75,346,2.0056161410643547
72,262,2.9243221363482723
76,121,1.3689012743721112
77,14,-1.7097683742989334
78,31,1.6501165788813268
79,21,0.7433214767158784
28,3106,-3.354093198026058
55,3018,-5.155657335719997
53,2880,4.246654574952534
56,49,-2.0684325639547003
61,2043,2.3083058104416785
57,303,-2.0510194889260682
62,67,5.0398827427487545
25,1664,-2.329610050925728
26,53,1.9412185810569456
27,5,2.915331168754672
63,222,2.4918009697023673
73,1411,2.962450973457729
56,6309,-3.6342649096653514
58,470,2.6218793631876607
28,347,-2.9409253621047666
54,8419,3.279686995589482
74,597,-3.8853800413762904
54,1565,8.003236874811405
13,2464,4.274757890795042
29,4486,5.431842916576057
75,398,-2.600551724971076
29,762,2.8720129515983595
55,478,3.0943348317769876
80,2248,4.45676119865525
76,442,-4.094482180056543
56,240,2.3416325342156576
57,3,-2.802771761609531
58,1,0.44581501353595315
59,10,-0.05710983567363381
14,743,0.14526907287020108
15,3,-0.03681832281294138
16,1,0.9702923526570085
17,22,2.2179482954768663
18,4,1.3951912381045697
19,35,-0.7282526745172236
20,4,-1.112958379662219
57,1675,-2.7503714283931893
21,11,1.144916596588733
77,341,-2.1344788085678115
59,1743,-2.307825406217365
81,422,2.3803622084740126
22,119,-1.0961903412413558
64,1670,-1.1278237516430314
65,3,0.29942410519910845
66,2,-0.627590766588915
67,3,0.3144670451931217
68,0,0
23,32,0.5524232256157775
24,1,0.24419465812992705
25,3,0.5812050353938845
60,169,3.3202397427291803
26,109,2.5958973926363074
69,182,2.3147595873402507
82,214,3.3498141836144244
61,128,2.2487173112664105
27,225,-2.0710374080035234
28,45,1.014116825996978
29,4,1.1648926531122792
30,4,0.78251894375637
31,2,-0.579087669832528
32,5,-0.7867284308620826
55,2014,-2.245239767103978
62,370,-1.909733947231065
30,1529,1.9789581762255921
60,991,-3.6701914589878086
31,42,-1.5507769047271178
32,14,-1.1829530267940762
33,43,0.18490748381959995
34,1,-1.007865709141364
30,1471,-2.398559267907441
33,435,0.8889424889237867
34,8,0.9360263682252579
31,101,-0.5215953112718803
35,2,0.6171936375009438
36,1,-0.8466757562597677
37,2,1.7736146242586204
32,8,0.693190086950123
38,3,-0.340402624288272
33,8,1.241803357404818
34,4,1.0597649145233963
35,22,-1.1797576382530357
70,814,2.451769383528407
36,11,-1.8936658908067772
37,19,1.482021456961038
38,50,1.6500504269957923
39,106,1.9118652684999424
39,76,-2.6384951107104047
63,584,-2.927928364028129
71,252,2.246288801157737
40,282,-2.2717299582122488
72,230,-2.8413845967473277
41,159,1.632613915839113
42,6,-2.327742820406882
43,37,-1.9995087333957775
44,20,0.32480725780154207
35,818,-2.6420520482167427
36,12,3.2399905966140325
40,617,1.6451601524893453
41,97,-2.162839123034225
58,2150,2.8430905615073447
42,266,-2.286096260122589
73,810,2.168848755703946
14,5195,6.02637832069978
59,338,2.979130931625978
56,1835,-4.275145474204708
43,150,1.5780930012534005
74,363,-4.4971742760135704
45,1038,-1.8877478551564375
44,297,2.104967326428973
29,5848,-4.19351603765202
61,2348,-2.119409616172153
37,1763,-3.0018687022760924
45,1070,2.955452077084249
62,1048,-3.853577733463831
15,1704,5.721793551215048
60,1647,-3.580827671396463
46,65,2.246693040693469
64,3082,-6.296665302745527
30,1562,-5.6556699123295155
57,2090,-2.9183759012559203
61,380,2.9074194970685556
63,511,-3.262512754316419
47,505,2.606437880796671
65,428,2.8227948122095743
16,642,3.390071375054058
46,2122,-2.294205144712391
47,95,1.5045140839605304
17,326,-5.783314418336129
31,636,4.903592218401841
66,548,-2.842362360915286
32,96,-3.760899756057407
75,2729,-3.5311260436001457
33,63,-2.681739764982099
34,35,-1.842288252182225
38,1347,-2.168338266630821
62,801,-3.3687551669038642
35,128,-2.094457846256667
36,74,5.945855174888465
18,556,4.487795111368818
39,365,-4.910775314537324
19,223,2.452600550648331
20,70,2.435121216646297
21,89,-3.7551526765802183
37,423,2.979412016866866
63,720,-4.569185749088394
40,560,2.2065451258280193
22,477,2.318139259480871
23,77,-5.899933714974214
78,7040,-2.995870956404289
38,916,3.4374901734489365
76,1553,-2.867186011728258
39,467,-3.896752020425297
24,932,-3.246600547364123
79,684,-3.1609944999545223
80,380,2.626442909921357
48,3144,-3.2718891746544956
83,6837,-2.578130379696482
25,692,-2.9007327862824446
49,295,-2.2869549952937778
50,24,2.211437363018211
48,4123,-2.964357016796467
84,900,2.735592787391886
49,277,-2.537265024107879
26,967,-4.185801985966433
64,2592,-3.0376416926937297
58,4142,2.564079958833838
85,637,-5.31071587944481
50,640,-2.104143919321447
86,44,-2.608992576737042
51,91,-2.5148610236075606
65,523,2.266065674368834
52,86,1.7342649459397919
27,729,-2.4734682209578582
87,200,2.5570835795745315
53,126,-2.292820660292615
28,90,-0.511710679875294
29,4,1.162581145319581
30,77,-0.46474359953143013
31,4,0.8242165218721661
32,4,1.3589814809114078
88,117,5.018449584895739
89,2,-1.1103488472631433
90,8,-1.4600578972061393
91,14,-0.5979431768084656
54,167,-2.2206038208594414
92,16,-1.2146344031473488
93,107,-0.7137454379452997
94,8,1.123194666152559
95,41,-1.7994067796363316
41,3551,-3.6091810394154304
33,460,-2.6481958559063012
34,40,4.483025508555456
67,5470,3.990505065442901
55,624,-2.749206349843147
56,74,2.440953011249743
68,243,1.922097605776733
69,22,1.3926894784465165
70,1,0.6409502624685893
71,8,-1.0103873804956016
72,3,-1.583753735645646
73,68,0.2518909376025046
74,0,0
75,8,1.7175210363538815
35,607,3.096750864941576
64,6616,-4.0614188239721285
57,336,2.1367543425530364
42,800,2.3306177283547793
77,3684,3.0219651205328
76,444,-1.3003907159340358
77,10,-1.2673394696242628
78,30,-0.45927285953753233
79,2,-0.27418937568694673
40,4148,4.724641904338596
41,113,-0.8430167907309953
42,1,-1.0129498773601704
43,0,0
43,367,-1.8628152474095436
59,1998,4.217481229763451
44,61,-1.9491094100663924
45,5,0.3061397353373719
44,112,-1.8175807088230063
46,71,-1.6960211732684367
66,1890,2.6835357110534632
47,27,-0.9941439249564822
48,28,-2.131174488637293
45,78,-2.1723868107109725
80,343,1.9654402851288701
67,111,2.7590687103688154
36,786,6.04308318194404
46,110,1.1803307261769787
47,4,0.6644025750462925
48,9,-0.5506351574430449
49,2,0.5629467449250571
50,1,0.1528518925793674
51,1,1.464945906225303
52,4,-0.5692521706839895
53,1,-0.6829318518653732
54,2,-0.8684467931665628
55,11,1.9847165087890222
68,133,-1.8671244464774581
69,25,-3.9562368429788406
60,405,2.9873473094083796
81,238,-1.9616788214682852
81,4164,-5.219396212876583
82,11,-1.3976040801557448
83,7,0.573528148646075
84,4,-1.6327178274572658
85,2,1.0105959647871152
86,2,0.823415772590465
87,8,-1.2001864386652503
88,14,-0.1566156266752363
89,1,-0.1199601196601117
90,0,0
91,1,0.3299249002288196
92,2,-0.8116708931116497
49,368,2.1373283870991413
93,11,0.4997289212397414
37,349,-3.5099017445014926
94,99,0.856814403942474
95,4,-1.5013193621778964
96,52,-2.122226916812627
97,36,2.063410769872971
50,301,3.6558400402122833
65,1429,6.192965591366931
82,495,-3.32859899512066
51,253,1.1694579404075476
52,39,-1.613054515619241
53,36,-2.118602766413503
61,680,2.23162408522206
70,830,-2.0651250211603545
83,1069,4.702244626966973
58,2132,-4.574316758663445
71,838,-2.3794988929108523
72,53,2.605703574507598
84,300,6.772742172219467
73,89,-1.5288792105048914
74,29,-1.9046299212091318
98,2445,-1.8464493348379936
96,3982,3.2448186692438914
99,223,1.314246902768839
100,8,0.0077668288143909504
101,37,1.137154914875818
102,0,0
103,2,0.9268335129171874
104,1,0.8845492143508409
105,0,0
106,0,0
107,0,0
108,0,0
109,1,0.9383661258827021
110,1,0.34547942958360994
111,1,0.290986448245111
112,4,1.5742669488392445
113,1,-0.043201118949659584
114,2,-0.5023054860011908
38,3113,3.6070932368404534
78,3597,3.1645184563924755
115,414,-3.275481191207747
54,2900,-3.2721230478892602
75,1727,2.9196481483722603
116,763,-2.845506996080234
56,4753,-2.9626824325101913
39,1433,-5.525214993760732
79,1235,-4.190810482189087
80,157,-6.40193825579639
85,3246,3.6168934915951945
76,1771,4.582759166038791
51,9098,6.182595702942523
55,1977,-4.434697239893102
56,330,-4.019311512491739
57,1803,3.488291894486513
52,1279,3.5589076022214643
86,1688,3.2691694388306223
81,2023,4.389862753649169
53,795,4.2447395253917755
58,1559,4.763355393355333
59,6125,-2.892215502591836
57,2187,-4.3168524657426515
60,239,-2.79481635496089
54,988,4.41011320934775
55,6,-3.366246040894431
58,569,6.304836802762835
61,396,-2.460689761383961
59,238,-2.5347135888426497
87,2187,3.9103954472850004
60,163,-2.031760452270238
61,161,-2.836133711379534
77,3775,-5.649847159194593
62,72,-2.269481569803017
63,72,1.035862687406968
64,6,-1.0800429519306334
65,5,0.6438672419694815
66,6,-1.6838871588836175
67,5,-0.5562575727122614
68,1,0.5887120389422212
69,197,-1.691930647253151
70,71,0.6943321047961037
71,8,0.1075743981737082
72,2,-1.7061051651627268
73,22,-1.4957804362096379
74,7,-1.782645857111134
75,7,-0.6649895550645649
76,1,-1.0393676003248762
77,1,0.039156004857255886
78,2,-0.8551033128172296
79,2,-0.4372759053711587
80,1,0.6703618145350427
81,1,-0.9305185921609217
82,2421,-3.391076437550463
82,36,0.5414520238951764
83,3,-1.7276345913333977
84,6,-0.9428500461703277
85,48,1.3847133550214465
86,9,-0.996274956568943
87,16,-1.2557108525861262
88,86,-1.1602099042499419
40,4929,-5.31884169633774
62,9730,2.8494438800577604
78,1181,-4.151466890895182
117,5906,3.9190168655506876
97,8097,-3.0423978934895364
89,1773,2.6522797435307037
88,3078,3.3197870408548784
59,4264,-3.9423897226963707
63,1942,5.881992130166831
83,2590,-5.751074822727852
98,1143,2.3522434095822593
56,4737,-7.494394639931253
84,950,2.814274999662476
99,436,2.487470405917073
66,12549,4.203752176100892
89,1762,5.1536381185216
90,1939,3.246851078927492
118,2837,-5.540476993963429
91,371,-3.0651687531819096
100,1172,-2.5213543307650506
85,1603,3.2268008715001613
41,4874,-3.285238653312394
92,824,-2.849389136032157
57,2069,-2.655708587410317
93,90,-3.1000983716245543
94,123,-2.1233542976882007
58,186,5.429532890765662
95,285,0.5931124139637024
96,1,-0.6597268467982272
97,1,-0.26499778570553173
98,7,1.2130189867983248
99,21,-1.527130684383772
60,3166,-5.712247997209639
62,6850,-3.172178421586718
119,1535,5.398617821346289
120,68,-5.0492502945068845
101,1457,-3.1740119732111687
59,940,-2.46159513778385
102,222,-2.783554106121712
61,746,3.2337159386593783
67,2941,-3.3188000970814624
121,1120,5.44747898159215
90,3393,4.05258263853498
103,807,-5.338088930064195
104,67,4.352604612506242
62,866,-2.749674338016917
105,319,6.141357655107819
106,143,-1.6349368271974505
91,657,5.452565545185917
107,85,1.4029567264435017
108,440,-2.7633158891400185
42,3941,-2.4431636320158394
43,110,1.6008575139614172
44,3,0.8434167104760881
45,7,0.5582957744596184
60,2176,2.853901919429461
46,53,2.2271220768551316
47,18,-2.135639963623996
63,1215,-3.5644836020709043
86,4422,5.2830050779273074
122,2105,3.718258048518336
123,466,5.314482643281056
109,1963,4.418845055253792
100,4929,2.173871159454519
68,3816,-2.7014231801766524
63,5077,-2.863940720321985
92,2600,-5.666681080687759
64,1929,-2.167057114466166
65,43,1.946670687949486
64,9069,3.1366635834448555
65,36,3.724906012702875
48,2475,-3.4008116173289564
69,911,1.8618864637904282
49,38,2.817059382628287
70,31,-2.364824409309075
66,284,2.4575630377945576
67,5,1.5125784097734056
68,10,-0.43350129948846544
69,3,0.15684025034681778
70,5,0.9237001401597836
71,0,0
72,0,0
73,0,0
74,0,0
75,1,0.09299696822354134
76,0,0
77,0,0
71,180,2.122611154988683
78,68,0.38952299831466036
79,2,-1.5075631033587413
80,10,0.8902459088447902
110,1543,1.9667679485765766
81,74,2.401544673672395
50,318,3.953113680914372
61,3041,-2.882630583501303
51,309,-1.283267015153121
52,8,-0.4020014659431895
82,365,2.4711773185901222
53,6,-0.04493214377593323
54,2,-0.4551669614808544
55,30,-0.6845702994868876
56,4,0.6580821959444889
57,9,0.9296291362191791
87,3103,2.551647466781888
58,15,0.9317369489051679
59,9,-0.0720609994802636
60,21,0.3778022705234431
61,63,-1.7739348192727955
62,6,-1.5587567795334636
79,11669,2.7220201107772857
111,748,0.051133179401096324
62,494,-2.7928360790023947
112,100,1.490092213636589
113,54,-0.2275627353861126
114,5,-0.6508893415208113
115,3,-0.14843829777451745
63,289,2.380165339479105
63,309,-3.2288385902931167
116,257,-2.383631558622099
101,2447,4.080557420123569
117,162,-1.548780976285165
118,244,-1.7880416864559032
119,135,-1.9046588200137948
120,115,1.2131221807067265
121,1,-1.0442162511574862
122,15,1.5156792488968742
123,6,0.5365066711691189
124,9,1.0907053877682131
125,88,-0.0734322185352368
126,1,-0.5673074561304411
127,0,0
128,3,-0.24465599067812335
129,8,-0.8536430600633726
130,18,1.6415034429588078
131,2,-1.1783527881449298
83,1345,1.0244612213474138
84,9,-0.2684731935186878
85,4,0.04157460983920096
86,2,0.2075009882548407
87,2,0.41400704544639205
88,5,-1.5551472882769977
89,8,0.9645477996449585
90,1,-1.1330992022685917
91,77,-2.3771330302127973
92,175,1.3366194041399988
80,1708,2.4319397070740463
93,29,1.5775768387269447
94,72,-1.2597736057526236
95,26,0.890027283341478
96,10,-0.9662555297212105
97,10,2.0228834992728304
81,282,2.3487717203516727
132,756,-2.6060147607170765
82,129,2.548475844530307
64,3906,-3.1690424865679185
88,2268,3.880912668301085
64,1794,2.1432934444755345
98,508,0.5511820068346621
99,1,0.4287486096315202
100,6,-1.2958023286538705
101,9,-0.5282319455760297
102,3,-0.25426937280880385
103,131,-1.33389002939002
72,3216,3.243630008318213
65,1026,-4.004802837703477
83,1138,2.41933873436276
124,5813,-6.304474860171856
104,1267,-2.9324124785367616
125,599,-3.253009779066545
126,57,-3.403208177835706
127,598,5.1983414518379085
64,4086,3.956654767314
105,1516,3.2598408727787076
102,4866,3.894383090054122
133,3611,-2.620251007091173
65,3355,3.01534194450348
66,185,-3.997900822240849
73,2869,3.6292161445585736
93,7112,-3.072515326018318
67,212,-4.270012432127012
106,781,-4.7825719283497
94,189,5.253733264456381
65,1036,4.445935868353432
134,933,4.441617896895131
68,662,3.171041635601295
107,1077,2.511860352580128
103,2164,4.759285718780776
108,260,2.7190487464388586
74,1741,3.667215697264691
128,2796,5.2532163038475
104,264,5.000653762970002
75,160,-4.908694602872411
135,1602,3.460982961097841
76,380,-5.366874994285947
136,89,3.525730268842609
66,10116,-1.8829560481334877
84,5245,-5.739459160776585
137,842,2.2635066258259138
89,6189,-3.673804107118181
67,510,-2.8985143104943774
77,1589,-4.622885534097191
85,789,1.6248186270259715
86,2,-0.6421636735545615
87,9,-0.47177536651117863
88,6,0.735688483928903
95,3365,0.28164387542378383
96,0,0
97,2,-1.3210611612149357
98,6,-0.02767292480356754
89,116,0.393757244071226
99,23,-0.729533209424375
90,3,-0.15111804047280908
100,2,0.5454744195307314
101,1,0.4906731573526618
102,0,0
103,1,-0.059369825503116626
104,2,-1.372212044891256
105,1,-0.3612280839823973
109,2041,2.9466030734001674
106,22,1.522709355654541
107,9,-1.1675429278322005
108,2,1.3608770153651524
109,8,-2.511538770222786
110,4,1.404436238888613
69,3412,1.7022007586057695
70,41,1.5201305965394674
91,126,2.2781170089300873
111,81,2.066337099514032
71,103,-3.6538009206592172
72,4,1.5543661328792249
138,1200,3.6564064938402034
92,250,2.0606625098431106
73,338,2.075756624806851
74,27,-1.3657939412672588
75,1,-0.10251770883853563
76,0,0
77,1,0.01741749091607626
78,4,0.00046888015188794663
79,2,0.9638043661119492
80,1,-0.6836961922790175
81,2,1.1343576711164272
82,8,0.7718735651743168
83,1,1.9566473339107429
84,2,0.0146449827412531
85,1,-0.9965154328871616
86,0,0
87,0,0
88,2,-0.6205290153286389
89,1,-0.2687385488953499
90,2,-1.0594680299729913
91,12,1.0565494095355197
68,1224,-2.426189868562992
92,253,-1.2240378088966435
93,0,0
94,6,0.8121687468108644
95,1,0.8565653784845741
96,1,-0.5956337710179542
97,1,1.2294649034411091
98,11,1.3333591291751326
99,17,-1.6603209355156452
93,637,-1.7051696354047396
94,8,-1.6722974170967362
100,28,1.9777691432022995
101,9,1.150772951346031
102,22,-0.0645412608957317
95,76,1.5778336570312042
96,11,-2.227326219000628
90,2044,3.193514808854222
66,7323,2.921466303850963
97,200,-2.2111661314002222
98,9,1.2205020447148673
99,3,2.0231164663633807
91,180,-3.701514481355609
100,30,3.2689518187796973
66,4718,3.510528290855049
67,423,4.709151693662592
103,701,2.436217301989797
105,3798,4.639930715757522
69,1531,-4.2187319412682305
104,369,3.8457004987377132
92,992,-2.7422541141293104
67,1472,-2.7410467479020086
68,45,-4.19079827117298
93,592,4.950579409499747
105,549,1.0169507260932287
106,5,-0.6505674527759221
107,7,1.0250158582592053
108,1,0.8548575589354701
109,0,0
110,8,-0.9620944769426244
111,56,-1.275825939160537
112,2,-1.3150610571532284
94,149,3.50494486552403
113,20,1.1762603908695728
114,9,-0.9360009212327691
115,149,0.9404258072955161
116,2,1.426695595945372
117,3,-1.139386199107901
118,0,0
119,1,-0.6022994009436601
120,0,0
121,0,0
122,2,-0.6027853597972959
123,0,0
124,0,0
125,2,0.8076590971732003
106,1369,-2.970941860263459
126,19,1.1935511326111778
78,3320,-3.160482704496648
127,151,-1.7528998334514279
128,80,-1.343380980878631
79,225,-5.1844954363947116
129,18,1.9978482509919155
95,772,-2.096166908269614
130,250,2.5511210450814903
139,3552,4.435591497795817
80,395,3.134068195340731
107,689,-5.838678070132094
81,40,-1.6763664796102926
82,1,-0.0057403433583037705
83,14,0.2603088473433401
84,3,1.2948534095272033
85,1,0.6546153528342249
86,25,2.1005474695390776
87,29,2.6539824178453633
112,3540,5.293382267593516
88,220,1.706893104016298
89,12,-1.8073152641860493
140,363,-3.091716890483748
96,638,-3.2389692639559047
90,156,1.7674667775823214
91,156,0.8574738303427676
92,7,-0.659028779110357
93,5,0.8710243977856739
94,13,-0.5633759662961904
95,3,0.3039727791244126
96,16,2.438475261260767
97,19,1.636858337855295
131,884,2.788896338557902
110,4972,-3.207276253938947
98,393,2.9727566844503235
68,3310,-3.125843259280883
129,7579,-3.4675988827443405
132,715,-2.212767659508361
97,1407,-3.5363932747856315
130,405,5.260328569731321
69,3229,3.4263045952368376
70,27,4.132796411176292
133,497,-2.359173083796141
111,1316,5.357792123029721
134,63,-3.0315831084561187
71,391,-2.65007867081702
72,66,2.35081348428452
99,1541,-3.5612082619810743
100,18,-3.9891107651093556
135,370,2.0630217015011145
136,26,1.6936719809337242
137,18,-3.1161953722188667
73,493,1.0938636496116276
74,1,-1.7033637349605153
75,25,1.4218892696825522
138,172,-2.3893744874171876
76,77,-2.778683157739504
101,5352,3.339106045393952
98,1544,-1.8466503665747696
141,2642,-3.420738280780958
99,240,-2.5750868567204304
108,3824,-4.321476886117388
109,155,1.8543163541697016
110,7,-1.1480423498022108
139,817,3.873597575583126
100,419,-2.0190788675636346
70,5884,2.4627390221833525
111,126,-2.5844757169426975
101,45,2.0011642903851845
101,1679,6.027496936384944
102,271,4.511251554868423
112,388,-2.2200812954157474
113,105,3.6001032550893988
114,158,1.7216272442728375
115,43,-2.1933206090425243
116,14,1.7803255295264602
117,5,2.1785286170613287
118,252,1.1571996933964477
119,38,1.944489333013444
140,1132,4.057644941307051
71,932,-3.1676170735079574
120,184,-4.316485244468678
142,1637,-4.022156765787918
143,440,2.0907119033790487
113,5592,-5.213071136136752
141,684,2.3986187315229563
142,5,-3.180833288350833
102,2526,4.688231045298259
144,78,2.2427080295376234
145,6,3.0990311252855083
146,53,0.14165442884400575
147,1,-0.7884517010056666
148,8,0.9279215363470207
149,5,-0.6782360726358232
150,0,0
151,1,-0.4268472720345471
152,5,-1.0175286222765767
153,1,0.03555794622503324
154,1,0.41074115567028513
155,19,0.8611452186149011
156,31,-0.7404806438192294
103,1679,-3.6072835189138255
157,33,1.984969623131783
158,9,-0.016566972440643167
159,1,0.7401574698792192
103,332,4.791481124875719
160,383,-2.511319289861915
112,4476,-2.7697875933801774
131,4478,-6.494299137585364
132,161,-3.1176288076700027
133,85,-2.0117233253607565
102,3101,-3.6109297580160606
143,1758,3.4931460438781525
69,5705,-3.1101043684450644
113,784,-2.6457302374934946
114,183,-3.4349701522694147
103,480,-1.9440135270314498
104,97,3.052464570393855
72,2420,-4.993511865477114
104,2050,3.4351109089315623
161,1803,-0.9658937397530146
162,1,-0.6176025120515196
163,4,0.6863911330449539
164,3,0.8705281799253766
114,2209,-3.9949728007313796
165,336,-1.191460055315944
166,34,2.5509461023181403
167,41,-2.3969226159721035
168,133,-2.041160793797458
134,1511,1.7404042081593176
115,509,3.0547339147737507
169,181,1.6353375461056971
170,20,-1.9033213341745492
171,4,2.1252689578235464
135,80,0.06846953939990373
136,1,-0.2801326696537687
172,4,1.428841332717616
137,1,-0.5576683325624043
138,3,-0.2462922727726236
173,13,-1.3664868812357782
139,6,0.39250744547103955
140,0,0
141,1,-0.10769908172078942
142,1,-0.3644268439700211
143,2,0.29288142539589906
174,16,-2.5279250937888422
175,26,0.21785821103118397
144,1570,-3.3738396168576754
144,118,1.8803615673607241
116,238,-5.259796048233621
70,1422,4.6655142930561695
145,142,-3.15458374841098
105,1668,2.1549668753411573
104,3845,2.5169807315679775
105,2024,2.473463772405117
73,2005,-5.785648761910769
106,319,-1.0083096793839648
107,9,-1.5393069070430712
108,4,0.5435457972553789
109,9,-0.7862716673170491
110,1,-0.8835794298753895
111,20,0.8611941772725525
112,13,0.6165909895936688
113,2,-0.6282346248146334
114,4,1.7736954669176916
115,24,-0.4715260579211463
105,159,1.779128060093141
116,45,-1.536702608845696
77,6058,-4.562398169431778
117,224,-2.030501365275603
115,2729,1.973314939728302
106,579,3.3553187151232517
117,1160,-4.285367305240014
116,78,-2.053720860427333
106,495,-2.5877520471583106
117,150,-2.2300213950328986
107,377,1.4340015185842352
145,1938,-2.5538903005676223
107,416,2.535432093676518
118,678,-3.287268178480328
78,768,-4.137403678743377
146,100,1.6093240061119785
147,11,-1.5485208010140552
148,52,1.7840837319710359
149,2,-1.2911465351094762
150,0,0
151,1,0.39620161430188783
152,1,1.4986070528053461
153,5,-0.6311837976201963
108,313,-2.403422183260963
154,53,2.1585625448889334
74,1305,4.385467442271586
155,99,1.1412439518106632
156,8,1.1443920746048415
157,0,0
158,0,0
159,1,0.6471559187942475
160,1,0.6860955197459444
161,0,0
162,0,0
163,1,-0.49025987851204944
164,1,0.5951906479206286
165,29,-1.3609999323122655
166,24,1.6327050135744834
79,329,-2.998150173407593
146,1861,4.385568342270963
167,86,-0.02847658393426246
168,18,1.8556074601912107
109,261,-3.365670367931423
176,2715,-4.541589409191859
118,1105,7.9082388517877495
110,281,-2.805034531619908
108,965,-2.3958113725620733
109,214,2.639697364652123
118,1473,-3.588682542236336
110,143,-2.80509397788578
169,1053,1.0315697813745244
170,29,0.17283820600405492
171,9,0.4889655921608306
172,5,1.0157759571799716
173,20,-1.6489285831764948
174,4,-1.561697059078368
175,17,-1.060420141234227
176,23,2.3750324028447443
121,7548,-3.7327647259935777
122,177,4.690875973678677
111,1011,-3.5356484482301855
112,18,3.7487077272136955
75,2096,5.468862340516527
113,879,3.1036833479192607
80,2768,3.5663142153868366
119,2448,3.2877497275099254
76,1284,4.513570731846794
123,2254,-5.5389055629312605
81,1143,-2.273954606276137
82,11,2.1813277336692045
83,223,-4.168100699690212
177,2948,-3.914026672584504
177,3958,-5.223589925165237
124,610,0.8409214167182427
119,3354,1.772826459537099
120,188,2.1300464094664733
178,816,-2.3446291670780974
84,1280,-4.89531481610738
114,2250,2.1694293301752636
85,31,-3.393120172312829
119,5915,2.8550019422757247
115,213,-0.8787874262077984
179,884,3.9456308963661564
77,2762,1.2472781098980126
78,9,0.900422264903766
79,3,-0.11817511911181638
80,4,-0.5996212013073628
81,22,-1.223307079962293
82,1,0.00461165189370897
83,50,-3.955942653288428
120,3292,-4.350547329748157
125,2100,-2.5269019262576897
84,326,-3.311267540864833
86,1244,-4.7411478761192525
